-1 58 37 54 50 55 19 97 43 68 12 51 29 40 35 19 
58 -1 81 32 39 65 40 28 52 93 15 75 57 40 53 54 
37 81 -1 97 19 47 55 3 21 37 45 85 53 11 21 18 
54 32 97 -1 32 58 88 30 78 72 29 94 30 20 68 86 
50 39 19 32 -1 56 5 54 51 57 68 59 94 70 19 20 
55 65 47 58 56 -1 95 89 59 37 74 81 13 2 16 40 
19 40 55 88 5 95 -1 71 44 53 57 21 10 72 89 22 
97 28 3 30 54 89 71 -1 33 83 9 69 51 57 52 55 
43 52 21 78 51 59 44 33 -1 46 79 27 100 89 38 62 
68 93 37 72 57 37 53 83 46 -1 52 82 28 3 66 66 
12 15 45 29 68 74 57 9 79 52 -1 91 66 83 59 75 
51 75 85 94 59 81 21 69 27 82 91 -1 69 22 45 44 
29 57 53 30 94 13 10 51 100 28 66 69 -1 97 2 12 
40 40 11 20 70 2 72 57 89 3 83 22 97 -1 41 50 
35 53 21 68 19 16 89 52 38 66 59 45 2 41 -1 34 
19 54 18 86 20 40 22 55 62 66 75 44 12 50 34 -1 
