-1 96 11 13 26 5 62 91 27 56 47 7 58 22 79 58 66 
96 -1 92 45 32 61 54 19 50 84 13 15 55 56 34 87 96 
11 92 -1 33 46 2 100 35 23 72 73 36 15 2 78 100 61 
13 45 33 -1 81 26 27 68 26 53 57 79 33 18 5 45 10 
26 32 46 81 -1 73 24 59 71 4 19 64 49 22 36 28 43 
5 61 2 26 73 -1 87 88 24 95 52 71 70 30 62 28 11 
62 54 100 27 24 87 -1 8 14 36 95 84 93 59 48 50 89 
91 19 35 68 59 88 8 -1 23 30 3 63 56 90 76 63 18 
27 50 23 26 71 24 14 23 -1 79 52 4 24 14 93 50 94 
56 84 72 53 4 95 36 30 79 -1 49 54 90 1 15 98 25 
47 13 73 57 19 52 95 3 52 49 -1 1 5 65 91 88 63 
7 15 36 79 64 71 84 63 4 54 1 -1 54 86 2 66 70 
58 55 15 33 49 70 93 56 24 90 5 54 -1 44 65 9 25 
22 56 2 18 22 30 59 90 14 1 65 86 44 -1 91 17 87 
79 34 78 5 36 62 48 76 93 15 91 2 65 91 -1 14 32 
58 87 100 45 28 28 50 63 50 98 88 66 9 17 14 -1 34 
66 96 61 10 43 11 89 18 94 25 63 70 25 87 32 34 -1 
