-1 16 18 64 15 12 36 27 34 90 71 54 68 84 54 5 66 90 
16 -1 28 36 91 28 22 39 33 57 34 29 67 15 52 45 29 43 
18 28 -1 51 82 83 66 77 60 51 10 2 31 12 28 42 9 92 
64 36 51 -1 47 62 78 24 2 57 1 80 99 96 73 80 23 91 
15 91 82 47 -1 73 79 60 28 44 48 6 87 53 6 60 4 21 
12 28 83 62 73 -1 94 25 86 36 84 8 78 41 74 17 89 73 
36 22 66 78 79 94 -1 86 52 99 30 4 12 39 56 28 30 98 
27 39 77 24 60 25 86 -1 17 94 42 76 32 14 68 38 37 58 
34 33 60 2 28 86 52 17 -1 59 63 41 68 97 91 3 79 36 
90 57 51 57 44 36 99 94 59 -1 59 6 98 49 19 84 19 63 
71 34 10 1 48 84 30 42 63 59 -1 12 20 24 63 100 26 46 
54 29 2 80 6 8 4 76 41 6 12 -1 57 41 39 1 64 60 
68 67 31 99 87 78 12 32 68 98 20 57 -1 53 22 97 53 19 
84 15 12 96 53 41 39 14 97 49 24 41 53 -1 76 48 72 4 
54 52 28 73 6 74 56 68 91 19 63 39 22 76 -1 6 14 57 
5 45 42 80 60 17 28 38 3 84 100 1 97 48 6 -1 40 81 
66 29 9 23 4 89 30 37 79 19 26 64 53 72 14 40 -1 2 
90 43 92 91 21 73 98 58 36 63 46 60 19 4 57 81 2 -1 
