-1 25 11 83 80 31 65 59 46 98 98 79 84 38 4 23 18 68 77 
25 -1 48 80 40 12 100 21 82 39 91 13 76 98 35 91 24 84 50 
11 48 -1 84 85 45 4 23 8 24 43 38 100 65 59 29 45 23 52 
83 80 84 -1 94 86 92 38 18 7 64 99 20 72 66 8 62 40 61 
80 40 85 94 -1 8 20 23 49 50 51 18 38 45 76 13 46 75 41 
31 12 45 86 8 -1 44 77 14 4 4 37 6 88 16 20 96 37 57 
65 100 4 92 20 44 -1 44 19 14 100 24 4 93 81 66 94 60 43 
59 21 23 38 23 77 44 -1 73 14 75 97 34 42 44 17 36 22 15 
46 82 8 18 49 14 19 73 -1 40 66 8 50 39 15 69 84 68 29 
98 39 24 7 50 4 14 14 40 -1 41 89 71 4 19 51 14 93 4 
98 91 43 64 51 4 100 75 66 41 -1 79 1 80 61 45 27 49 98 
79 13 38 99 18 37 24 97 8 89 79 -1 7 22 42 45 37 92 37 
84 76 100 20 38 6 4 34 50 71 1 7 -1 36 81 98 53 67 36 
38 98 65 72 45 88 93 42 39 4 80 22 36 -1 49 19 55 53 80 
4 35 59 66 76 16 81 44 15 19 61 42 81 49 -1 23 66 92 100 
23 91 29 8 13 20 66 17 69 51 45 45 98 19 23 -1 51 32 36 
18 24 45 62 46 96 94 36 84 14 27 37 53 55 66 51 -1 72 7 
68 84 23 40 75 37 60 22 68 93 49 92 67 53 92 32 72 -1 92 
77 50 52 61 41 57 43 15 29 4 98 37 36 80 100 36 7 92 -1 
