-1 52 1 10 38 50 34 37 47 33 75 21 70 48 61 78 76 86 63 15 
52 -1 54 42 67 61 50 85 99 43 33 89 93 46 61 40 58 51 3 11 
1 54 -1 86 30 58 84 35 60 46 30 6 35 13 29 82 8 49 39 54 
10 42 86 -1 27 9 27 53 87 57 63 100 75 16 69 1 37 26 86 45 
38 67 30 27 -1 8 92 87 80 50 89 73 69 83 13 56 9 61 81 98 
50 61 58 9 8 -1 15 63 54 48 61 56 67 22 80 35 17 37 91 10 
34 50 84 27 92 15 -1 13 51 54 70 74 91 25 17 43 15 90 23 1 
37 85 35 53 87 63 13 -1 61 52 7 57 44 17 24 32 56 12 12 93 
47 99 60 87 80 54 51 61 -1 49 61 43 33 64 28 25 86 84 24 60 
33 43 46 57 50 48 54 52 49 -1 100 83 79 8 56 9 14 69 60 43 
75 33 30 63 89 61 70 7 61 100 -1 48 20 12 36 72 77 74 90 7 
21 89 6 100 73 56 74 57 43 83 48 -1 9 49 43 7 70 68 78 67 
70 93 35 75 69 67 91 44 33 79 20 9 -1 45 60 37 52 25 77 76 
48 46 13 16 83 22 25 17 64 8 12 49 45 -1 23 88 44 54 82 53 
61 61 29 69 13 80 17 24 28 56 36 43 60 23 -1 16 66 81 89 57 
78 40 82 1 56 35 43 32 25 9 72 7 37 88 16 -1 51 89 10 74 
76 58 8 37 9 17 15 56 86 14 77 70 52 44 66 51 -1 96 70 59 
86 51 49 26 61 37 90 12 84 69 74 68 25 54 81 89 96 -1 91 71 
63 3 39 86 81 91 23 12 24 60 90 78 77 82 89 10 70 91 -1 79 
15 11 54 45 98 10 1 93 60 43 7 67 76 53 57 74 59 71 79 -1 
