-1 40 29 52 48 89 2 43 17 49 15 74 82 73 82 11 80 31 71 63 84 85 95 100 41 
40 -1 20 89 55 87 95 32 89 97 21 43 21 93 49 28 59 97 15 84 75 73 88 33 35 
29 20 -1 85 20 19 16 49 98 78 84 11 41 10 50 8 99 83 61 69 14 17 2 48 3 
52 89 85 -1 55 60 0 27 81 76 55 55 23 75 22 19 41 2 63 56 44 70 54 56 70 
48 55 20 55 -1 44 62 76 44 2 55 30 53 0 39 50 5 56 69 54 72 30 4 48 56 
89 87 19 60 44 -1 17 16 94 28 95 7 10 13 21 78 26 21 40 43 25 7 12 60 83 
2 95 16 0 62 17 -1 99 99 83 57 46 10 20 50 70 66 13 91 37 78 30 55 20 23 
43 32 49 27 76 16 99 -1 70 72 31 46 84 79 7 72 23 84 95 100 37 29 85 45 62 
17 89 98 81 44 94 99 70 -1 35 91 51 5 95 62 67 67 88 83 57 1 16 97 37 64 
49 97 78 76 2 28 83 72 35 -1 27 20 12 15 64 84 98 92 51 47 38 52 17 38 63 
15 21 84 55 55 95 57 31 91 27 -1 46 69 70 6 11 90 5 85 80 57 77 2 98 69 
74 43 11 55 30 7 46 46 51 20 46 -1 68 28 57 7 22 61 38 23 33 20 100 46 21 
82 21 41 23 53 10 10 84 5 12 69 68 -1 12 48 49 5 77 71 80 20 96 67 1 94 
73 93 10 75 0 13 20 79 95 15 70 28 12 -1 0 14 65 4 1 88 71 60 20 40 65 
82 49 50 22 39 21 50 7 62 64 6 57 48 0 -1 67 31 78 77 88 67 66 36 86 23 
11 28 8 19 50 78 70 72 67 84 11 7 49 14 67 -1 89 96 3 91 63 74 60 76 55 
80 59 99 41 5 26 66 23 67 98 90 22 5 65 31 89 -1 10 20 15 83 3 24 78 86 
31 97 83 2 56 21 13 84 88 92 5 61 77 4 78 96 10 -1 82 10 37 2 46 62 29 
71 15 61 63 69 40 91 95 83 51 85 38 71 1 77 3 20 82 -1 86 2 71 45 35 16 
63 84 69 56 54 43 37 100 57 47 80 23 80 88 88 91 15 10 86 -1 58 29 81 0 8 
84 75 14 44 72 25 78 37 1 38 57 33 20 71 67 63 83 37 2 58 -1 56 59 8 9 
85 73 17 70 30 7 30 29 16 52 77 20 96 60 66 74 3 2 71 29 56 -1 27 23 20 
95 88 2 54 4 12 55 85 97 17 2 100 67 20 36 60 24 46 45 81 59 27 -1 26 43 
100 33 48 56 48 60 20 45 37 38 98 46 1 40 86 76 78 62 35 0 8 23 26 -1 78 
41 35 3 70 56 83 23 62 64 63 69 21 94 65 23 55 86 29 16 8 9 20 43 78 -1 
