-1 38 89 12 34 48 
38 -1 83 88 8 22 
89 83 -1 86 30 58 
12 88 86 -1 51 52 
34 8 30 51 -1 85 
48 22 58 52 85 -1 
