-1 18 79 48 19 19 21 
18 -1 69 77 52 66 42 
79 69 -1 41 67 27 78 
48 77 41 -1 88 25 100 
19 52 67 88 -1 42 91 
19 66 27 25 42 -1 84 
21 42 78 100 91 84 -1 
