-1 69 39 68 54 59 77 
69 -1 75 62 11 19 95 
39 75 -1 93 32 26 40 
68 62 93 -1 25 37 87 
54 11 32 25 -1 9 86 
59 19 26 37 9 -1 9 
77 95 40 87 86 9 -1 
