-1 60 11 63 14 56 77 70 
60 -1 81 57 82 51 25 51 
11 81 -1 48 52 27 97 86 
63 57 48 -1 67 83 60 54 
14 82 52 67 -1 80 76 60 
56 51 27 83 80 -1 9 13 
77 25 97 60 76 9 -1 3 
70 51 86 54 60 13 3 -1 
