-1 8 12 24 83 31 7 42 
8 -1 5 33 50 22 49 8 
12 5 -1 56 84 90 99 75 
24 33 56 -1 62 4 1 21 
83 50 84 62 -1 44 38 9 
31 22 90 4 44 -1 96 42 
7 49 99 1 38 96 -1 94 
42 8 75 21 9 42 94 -1 
